0.039923178489977194
0.05357099987996639
0.08037450486136118
0.12164205977673749
0.1703396951146321
0.22386268155083425
0.2782259032529108
0.32997239226983555
0.3834473652622734
0.42958828471972155
0.47394070339695116
0.5097707358060257
0.5503540991477613
0.5898931700876245
0.6234665706397792
0.6552274636898332
0.6870843836274156
0.7126515424318809
0.734773736646261
0.7570639779138159
0.7742527907814188
0.7902772776377386
0.8073940703396951
0.8193734245588765
0.8337894610490938
0.8450126035289881
0.8547473292521907
0.8634257592125795
0.8718281118713239
0.898475573160485
0.8047101188332733
0.7647101188332733
0.7247101188332733
0.7047101188332733
